>Saccharomyces_cerevisiae
1 -2 -3 4 -5 6 7 8 $ 
9 -10 -11 12 -13 -14 15 16 17 -18 -19 20 -21 22 23 -24 25 26 -27 -28 -29 -30 -31 -32 -33 34 -35 -36 -37 -38 39 40 -41 42 -43 44 45 -46 47 -48 -49 -50 51 -52 -53 54 -55 -56 57 58 59 $ 
-60 61 -62 -63 64 65 66 67 -68 -69 -70 -71 -72 $ 
-73 74 -75 76 -77 -78 -79 -80 -81 -82 83 -84 -85 86 87 -88 -89 -90 -91 -92 93 -94 95 -96 97 98 -99 100 101 102 103 -104 105 -106 107 108 109 -110 -111 -112 -113 -114 115 116 117 118 119 120 -121 -122 123 124 125 126 -127 -128 129 -130 -131 -132 -133 134 135 136 -137 -138 139 -140 141 -142 -143 144 145 146 147 148 -149 -150 151 $ 
152 -153 154 155 156 157 -158 159 -160 -161 -162 163 164 165 $ 
166 -167 168 169 -170 171 172 173 174 -175 -176 177 -178 179 180 181 182 -183 -184 -185 186 187 188 -189 190 191 192 193 -194 195 -196 197 $ 
-198 -199 -200 201 -202 -203 204 205 206 207 -208 209 $ 
210 -211 212 213 214 -215 -216 217 -218 -219 -220 -221 -222 -223 224 225 226 227 -228 229 230 231 -232 -233 -234 235 -236 237 -238 239 -240 241 -242 243 244 245 246 -247 -248 249 250 251 252 253 -254 -255 256 257 -258 -259 260 -261 262 263 -264 265 -266 -267 -268 -269 -270 -271 -272 -273 -274 275 276 -277 -278 $ 
279 -280 -281 282 283 284 -285 286 -287 -288 289 290 -291 292 -293 294 295 -296 -297 298 299 300 301 302 -303 -304 305 306 307 -308 309 $ 
-310 -311 -312 313 -314 -315 316 -317 318 -319 -320 321 322 323 324 325 326 -327 -328 329 330 331 332 333 334 -335 -336 337 -338 339 -340 -341 -342 -343 344 345 -346 $ 
-347 348 349 350 351 -352 -353 354 355 -356 357 358 359 -360 361 -362 -363 364 365 366 367 -368 369 -370 371 372 -373 -374 -375 $ 
-376 377 378 379 -380 381 -382 383 -384 -385 -386 387 388 -389 -390 391 392 -393 -394 -395 -396 -397 398 399 400 401 402 403 404 405 -406 407 -408 -409 410 -411 412 -413 -414 415 -416 -417 -418 -419 420 -421 -422 -423 -424 -425 426 -427 428 $ 
-429 430 431 -432 -433 -434 435 -436 437 438 439 -440 441 -442 -443 -444 -445 -446 -447 448 -449 -450 451 -452 -453 -454 455 -456 457 -458 -459 -460 -461 462 $ 
-463 -464 465 -466 -467 468 469 470 -471 472 -473 474 475 -476 477 -478 479 -480 481 482 483 484 485 486 487 488 489 490 491 492 -493 494 495 -496 -497 -498 -499 500 501 -502 -503 -504 $ 
-505 506 -507 -508 -509 -510 -511 512 -513 -514 -515 516 -517 518 519 -520 -521 -522 -523 524 -525 526 527 -528 -529 -530 531 532 533 -534 535 -536 537 538 539 -540 541 -542 -543 544 -545 546 -547 -548 549 550 551 -552 -553 554 -555 556 557 558 559 -560 -561 -562 -563 -564 565 566 -567 -568 -569 570 571 -572 -573 $ 
574 575 -576 -577 578 579 -580 581 582 -583 584 -585 586 587 588 -589 590 591 592 -593 -594 595 -596 597 598 599 600 601 -602 603 604 605 -606 -607 608 609 -610 611 -612 613 -614 -615 -616 617 -618 619 620 621 622 -623 624 -625 626 627 628 -629 -630 631 632 -633 -634 635 636 -637 638 -639 640 -641 642 $ 

>Caenorhabditis_elegans
-56 64 -183 -244 -460 81 308 -637 443 134 378 230 255 331 -86 -617 -264 450 323 -340 -82 507 530 356 -542 -374 568 112 444 433 -137 -143 66 123 179 569 562 -584 536 -310 -421 -204 -427 -256 -10 534 -483 -25 -431 -133 -42 -69 382 435 -541 -282 585 404 -163 -202 -504 184 302 -168 455 -285 546 -423 306 -587 614 -37 428 -539 -532 -578 -527 464 503 -73 -544 -375 -518 164 -640 222 -615 -551 348 54 225 383 219 -461 189 233 -52 454 606 538 622 506 -364 270 420 456 -309 531 63 214 -70 -535 419 599 187 576 -366 9 115 248 138 -301 616 221 523 28 -250 46 439 -603 417 -515 -279 -258 477 429 -581 -627 234 -472 $ 
-561 459 413 -494 -71 -116 -51 636 -289 -186 326 -549 -145 -335 127 -586 -205 33 305 -377 317 93 457 -363 367 388 434 19 160 236 -281 180 44 355 312 8 -165 267 -13 102 23 475 -99 -105 371 -91 353 -226 175 -286 -218 -389 524 75 197 -564 124 155 -177 83 -231 142 387 491 467 441 314 -588 65 528 154 295 237 48 -376 -516 -574 78 -545 -319 96 -211 -573 150 -242 -554 45 246 642 341 476 -173 161 609 276 -192 -2 -141 333 397 -74 -76 498 67 209 -298 -159 303 488 -438 292 -21 513 -146 589 -196 -631 -372 623 130 -29 487 -26 -570 220 -11 -440 529 357 465 275 572 605 497 557 608 $ 
118 195 243 -384 -318 -610 445 408 217 4 626 -208 158 -592 373 61 560 95 -552 601 157 -390 -361 -325 -272 -591 35 -517 -442 -339 -247 -253 370 266 547 469 -68 -612 449 -41 -290 -521 345 342 565 543 -596 6 104 555 229 -228 -119 -558 -451 206 479 239 5 58 -426 508 -57 -571 40 139 502 -89 32 -232 639 -129 -480 -352 -495 190 -315 193 466 575 -80 252 -36 -126 -7 416 -468 514 304 343 -17 131 260 92 415 181 -448 478 88 563 261 -409 -291 452 505 169 -122 172 216 -176 -381 -284 215 359 -611 -613 120 -553 399 235 398 -418 411 474 486 -334 320 -3 153 -403 -436 -50 330 -405 -109 -604 -548 365 577 111 140 -300 -607 -199 $ 
-213 -369 600 296 -327 -132 511 -106 -402 -12 -329 -458 525 -135 -347 34 -324 -97 -15 49 -424 -406 84 283 422 522 -22 -582 -156 -598 -313 223 379 -595 -178 293 278 -287 328 -579 110 -540 257 -395 -30 447 -351 -227 299 -174 391 -638 166 280 -625 499 394 628 -321 224 322 -512 -349 -27 103 152 520 470 446 241 -188 14 368 -634 -425 -170 618 482 -238 -307 -38 -136 -344 473 -24 -171 485 -297 -273 437 430 -94 251 -245 -500 185 490 630 39 262 -400 -414 360 -350 198 203 362 -191 -510 -550 -619 537 393 -311 -392 $ 
624 526 -200 316 -59 580 629 47 -336 380 -493 -462 -101 396 249 43 -114 -354 -559 60 -567 265 -332 620 128 -633 108 501 16 167 -149 -207 271 -210 -72 -519 -121 -194 -471 -98 -401 274 -453 432 -593 79 -259 -635 -337 -117 -489 385 407 -412 -358 87 597 -602 20 -484 -113 -240 -566 -492 90 107 -294 463 -556 -100 632 -125 -583 18 -509 594 -269 254 -621 -53 641 -31 $ 
410 533 -55 -481 338 85 62 151 -277 212 148 -263 -590 -201 77 144 -268 346 182 -496 288 -162 -1 -386 147 $ 

>Eremothecium_gossypii
454 320 319 -379 -329 328 -378 -377 -384 -325 -259 260 258 129 -290 207 562 589 561 -588 590 560 591 130 -131 -132 -289 -133 134 135 -291 292 -293 294 -499 63 498 -398 64 65 -518 179 180 253 250 251 631 625 -501 70 69 68 400 -254 252 632 -636 -635 634 -549 548 -169 -168 167 530 -48 -49 226 227 -228 32 31 $ 
-473 474 475 -476 477 -73 -478 479 455 127 -103 -309 36 -515 -362 445 444 361 -566 -372 -282 -371 -443 615 -419 244 280 -279 368 -367 -366 439 365 -364 -440 -626 -347 -503 -504 -458 275 -459 -16 -344 181 182 345 598 599 -145 -434 304 -15 200 199 198 $ 
422 421 -420 34 -137 -543 79 78 -401 264 -263 335 -334 -370 -487 -536 537 538 -376 160 159 185 -76 -522 -523 -438 524 525 -575 166 574 330 -380 333 262 323 324 327 -358 286 -287 -288 528 -527 -369 556 594 557 558 593 559 -592 297 595 -619 618 80 -402 387 388 -201 188 -186 187 313 -314 517 -6 -516 $ 
41 432 -431 -430 429 623 -40 -622 -621 -39 -19 -223 86 554 -555 553 -493 494 495 157 496 497 506 -464 465 -466 -467 -507 267 -302 266 -265 -164 -163 -161 162 -220 416 -616 617 -576 -175 -176 -624 177 -178 165 628 -629 249 -630 -633 47 603 604 -81 -82 83 -84 -75 -85 -512 511 148 510 -149 509 441 -310 363 -128 -118 -563 437 142 -141 531 532 533 -374 -534 -375 535 -449 -450 91 90 89 88 500 77 136 98 -381 -382 383 5 -569 -3 4 -570 2 571 -1 -572 -573 $ 
-627 373 221 222 -246 -642 -428 641 -640 639 -638 637 45 -46 147 526 303 269 268 468 469 470 28 -33 57 -59 -322 -321 -58 -311 355 -356 312 296 -295 97 30 29 172 173 174 -66 519 206 -520 -521 285 101 102 23 -24 25 26 -27 514 513 42 -43 -423 -93 -424 92 -354 353 352 -425 426 -427 -346 -308 -37 -38 107 96 -95 -248 -100 99 357 299 -540 541 542 -71 270 -307 -306 -305 -144 143 435 -436 451 -564 565 -452 215 -214 491 492 155 -156 -486 -298 14 13 -12 343 -620 488 154 489 490 -183 -213 -348 $ 
-485 539 -484 -315 87 -577 578 579 -580 581 224 582 225 -583 584 -585 236 -235 586 234 233 232 587 -231 -230 53 -229 52 -51 50 -8 -7 -192 22 -480 481 -301 -482 316 -317 318 -417 -407 397 396 -272 -544 138 408 -190 217 -218 21 -20 -191 219 360 -446 -359 -385 -386 -447 448 -184 -208 -212 211 210 209 153 -152 -255 256 -567 -568 508 -150 -336 -171 337 170 -338 -545 139 -140 546 -547 -146 -284 -283 339 -340 -351 -341 -342 -350 -349 -433 257 -238 239 -418 203 202 216 -453 -247 94 56 67 271 -472 471 -245 -399 62 -151 -61 60 $ 
276 -460 -461 -277 -278 462 17 -18 -189 -11 10 -9 -44 605 -606 -607 72 502 114 -392 -393 116 117 -394 -395 406 119 120 -121 -405 -404 -122 123 -403 124 125 240 -281 442 614 -243 242 -241 204 610 -609 -608 611 -612 613 205 237 -104 106 35 -105 115 -391 -390 113 389 197 196 -195 112 111 -108 193 109 -194 -110 126 -74 600 601 -602 -597 596 -552 55 -54 -409 -550 410 -411 412 -413 -414 551 415 529 326 331 332 -261 -273 -456 -274 457 300 -483 158 463 505 $ 

>Kluyveromyces_lactis
-320 210 -211 212 208 184 -167 168 169 -548 549 -422 246 -222 -221 -74 573 572 -147 -5 -125 -124 -257 240 270 -307 -306 -305 304 303 269 268 -313 -311 355 -526 -535 375 534 374 -285 64 65 8 -272 -273 -456 -274 457 -458 275 -459 -462 -103 521 520 -206 -519 66 331 332 $ 
228 -183 -213 141 -142 -437 436 -435 -143 144 224 582 225 -583 584 -585 236 354 -92 424 642 -309 308 346 427 -426 425 -547 421 -420 -244 419 -615 443 338 -34 32 31 -356 -312 509 247 41 623 -40 604 -44 -587 -637 254 -636 -635 634 633 -253 -180 -179 518 -621 -39 -19 -360 361 -566 -372 -282 -371 339 -340 -351 -341 -342 -350 -349 -348 $ 
-60 61 151 -62 399 245 -471 472 -271 -67 149 -510 -148 -511 512 -98 -99 100 248 -413 -414 551 415 -522 -523 -545 139 -140 453 452 -565 564 -451 563 -160 71 -501 70 69 185 562 589 561 -588 590 560 -135 -134 133 289 132 131 -130 129 43 -42 -489 -154 -239 -194 -110 150 -365 -507 1 -571 -2 486 -538 -537 536 487 488 276 -460 515 -36 -37 291 145 -127 -626 579 -580 581 81 80 -402 416 -617 -111 -112 195 -196 418 7 118 -503 -504 -347 $ 
-310 -574 -166 575 -525 -524 438 -454 455 -616 -108 -319 546 -352 -353 -235 28 -33 -95 364 -417 -243 242 207 398 -498 -63 499 387 388 -201 200 199 198 -591 -434 556 -204 -481 480 -479 478 -290 578 625 412 -327 -324 -323 -262 -333 380 -330 -429 430 431 -432 -345 -182 -181 344 203 -209 605 -606 -607 128 401 -78 -79 -577 -165 178 -177 624 176 175 576 628 -629 249 -630 250 251 631 252 632 54 -55 -164 -163 -255 -114 115 -393 116 -117 -394 -395 406 119 120 -121 -405 -404 -122 123 73 -477 476 -475 -474 473 $ 
-376 89 88 -87 -505 -463 506 -464 -137 -543 -138 544 -146 -284 -283 -256 161 638 -639 640 -641 428 93 423 -94 18 -17 -16 343 -620 -619 618 9 465 -466 -467 -439 -490 -497 -158 -383 382 381 261 -109 -193 -192 22 238 -622 288 287 -286 359 446 -107 38 292 -293 294 152 -153 468 469 470 -96 -358 614 -205 -613 612 -86 223 315 314 267 -302 266 -265 264 -263 335 136 -25 24 -23 26 -27 514 513 369 -370 -232 -233 -234 -586 -400 77 -186 187 -15 188 14 13 -12 -189 -11 10 542 -541 540 -299 527 171 336 172 173 174 482 301 -603 -47 46 -45 602 -601 -600 -599 -598 -597 596 $ 
-552 -553 555 -554 595 57 -59 -322 -321 -58 56 569 -445 362 -461 -277 -278 -493 494 495 157 496 -156 -155 -492 -491 366 -82 83 -84 -75 -85 76 159 68 -500 -231 -230 53 -90 -91 450 529 -516 6 -517 -627 -567 -568 219 218 191 20 -237 408 -48 -49 226 227 214 -215 -216 -433 72 502 -229 52 -51 50 592 -559 -593 -558 -557 -594 197 -217 190 -21 -379 -329 328 126 -444 318 101 102 -258 -260 259 325 384 377 378 528 -530 531 532 533 -170 -337 449 -448 447 386 385 -162 -392 105 -35 -106 104 -389 -113 -390 391 411 -410 550 409 241 403 317 -316 -373 296 -295 357 334 -298 297 220 326 -396 -397 407 570 -4 3 -485 539 -484 300 -483 -29 -30 -97 -202 367 -368 279 -280 -281 442 -363 -441 440 -508 -611 608 609 -610 $ 

>Magnaporthe_oryzae
632 515 -224 -576 -364 -474 -572 154 -260 130 -468 496 624 430 -481 592 473 -523 34 446 -547 -501 -217 161 -221 415 -178 -267 -57 -343 329 -440 524 17 277 -101 118 602 -639 -566 -47 -609 617 328 271 629 -150 115 -294 395 -309 -334 530 -333 540 81 420 -493 -487 480 -299 250 -389 -100 2 292 -593 -434 -568 427 219 -368 -527 -555 -384 -635 -6 479 -200 491 535 -254 373 357 -301 103 -497 641 -3 619 521 -131 -62 -127 -507 -262 143 -366 -392 -533 -138 72 -381 -367 -326 -265 284 -266 58 -339 375 303 -173 172 -355 508 -354 591 -37 -236 $ 
-397 -40 -136 -11 -346 356 323 96 -391 437 87 414 293 21 -338 406 -61 -438 73 264 226 -341 -498 614 544 -85 -616 241 -636 179 -361 198 -218 -169 -464 142 -83 358 290 -477 287 615 270 503 53 600 -242 -191 -390 314 32 109 432 417 -77 638 186 -548 549 113 318 -330 -194 -349 -307 -214 220 -396 528 -455 494 -94 -90 281 433 -640 1 -631 -26 -630 -256 424 -558 348 -252 428 606 -22 -324 526 371 -285 122 571 -603 554 -620 129 605 190 36 -276 -383 382 403 -212 351 -321 -110 400 -239 -607 -84 -8 -134 -213 -111 166 -31 170 534 -128 7 -447 -202 -50 28 -350 -163 -374 $ 
-483 465 -310 642 -378 573 -564 623 -23 -612 249 288 -546 -9 44 488 -215 -233 331 580 -304 457 -352 275 -335 -286 365 67 372 478 -108 -362 4 162 485 60 -541 626 -444 184 425 -148 517 -545 -69 -255 234 401 -637 557 586 86 -625 12 312 -633 398 230 511 -589 64 18 -66 -56 -380 317 413 -116 320 463 243 -192 -105 583 306 542 -504 -581 15 -359 -565 -274 -229 19 -298 -70 88 -223 509 -604 -120 453 244 $ 
80 176 537 -59 -279 475 531 595 25 -458 -421 353 -316 -436 -272 269 -300 569 -237 -597 -145 -441 394 -599 75 399 99 -157 -160 419 -601 -283 -167 -14 -296 -621 159 -164 -222 -89 377 -556 39 -460 141 345 -416 -245 -579 209 -82 408 -536 -611 -133 -156 411 114 207 195 -149 297 -38 456 -52 628 -257 -319 46 -305 -76 518 153 -442 -225 505 516 144 325 486 -426 235 182 -613 197 79 -582 379 -107 187 -295 41 261 587 55 -65 -344 43 -467 $ 
-570 449 240 -529 -608 -16 185 567 93 183 514 502 -13 -562 126 499 510 273 152 74 -263 450 -431 -490 443 -543 210 407 -189 -139 -248 181 -512 -387 459 519 525 246 363 -137 125 -147 -253 -578 347 135 553 -146 112 280 -429 598 -469 -247 -201 206 -42 35 315 251 360 584 -585 -282 -117 231 -259 405 -20 -561 -590 -208 -538 -520 627 376 -92 327 342 $ 
-68 71 171 30 466 -550 492 -560 -180 -91 -472 -119 340 -495 -228 -95 454 322 588 -563 -24 121 155 -199 622 -104 412 -448 -423 -238 410 -462 551 -439 -393 -332 -388 -513 559 500 -594 409 386 97 -336 302 313 -124 $ 
-98 -522 -452 -476 -618 -49 278 -484 -165 461 106 -404 577 203 -33 -489 -45 -370 418 227 174 -482 -385 -596 -27 -268 -506 -205 140 175 -258 337 -369 -451 63 78 575 -311 -204 102 -532 -151 123 -5 -158 48 -610 -435 -552 -402 51 -216 -471 132 -308 470 -422 539 -10 -54 29 -445 -232 -634 168 -574 193 211 -289 -177 188 291 -196 $ 

>Neurospora_crassa
639 -627 -96 -440 610 631 -277 -107 -115 150 -575 -294 -527 54 -524 395 -219 -379 -493 187 267 47 59 452 -361 -634 -532 566 420 321 17 315 -188 615 598 -455 -436 81 -221 110 1 -158 -400 -272 -62 251 48 -501 -278 161 20 49 -592 -385 374 31 -239 -166 334 -45 309 -353 -370 -128 434 -273 561 -552 -106 593 -482 196 -34 163 523 -473 -405 418 250 -471 132 640 308 447 470 33 599 424 29 -404 -630 -458 -151 421 337 -140 -175 -311 145 -358 -539 83 597 531 198 595 28 506 300 -475 569 -237 -360 -526 -554 603 394 433 -503 -429 328 218 -617 609 -346 271 629 -135 299 -289 -288 9 435 177 -520 -494 215 -50 -111 249 23 -573 -84 -8 496 -68 165 -71 445 422 262 -205 463 -123 558 348 -606 -428 252 -26 -170 27 376 350 $ 
-283 269 -266 -72 -491 -157 -185 93 601 160 -522 -588 -621 456 -164 432 567 -556 -453 39 183 514 -591 75 635 -200 -99 322 495 468 -268 -13 -562 -126 -502 37 499 -427 568 292 156 345 -408 -377 89 133 -228 579 245 -195 95 207 570 24 -529 563 -414 16 608 -121 -454 -236 77 -138 -340 536 -555 -368 -167 -367 -14 -19 -265 284 -381 326 $ 
-352 -261 325 -467 -305 -243 486 -241 -225 583 -616 310 -449 -577 465 642 -36 -153 -546 -518 76 -190 92 371 -65 612 -320 285 -484 -304 -605 461 -327 235 182 -613 -276 -79 -197 382 -607 403 -516 -335 505 584 -585 351 -211 -542 212 -362 426 587 55 -10 564 378 -538 -18 -497 -129 -317 380 -626 -485 620 -122 -582 102 3 -295 41 -43 344 -442 -372 108 144 116 -384 -6 479 $ 
-492 73 264 -466 -457 -477 287 -296 338 -342 97 30 -291 290 580 -66 -286 365 -224 162 356 -233 109 550 216 614 417 184 168 544 11 -386 -314 -489 226 85 -549 430 548 -12 -331 -513 559 -481 -169 171 545 500 476 -32 -624 -275 590 44 124 488 -594 -46 409 -383 -142 -113 323 318 -391 -397 40 -136 -180 -341 560 174 60 229 -541 143 507 127 -4 -148 -312 -242 191 -600 -390 -270 53 349 -67 478 $ 
551 254 -387 21 623 355 619 78 -509 223 -565 103 576 -88 301 -357 462 359 -530 -255 -410 553 -625 -280 -146 -586 -602 -274 -118 101 557 189 -366 343 574 -578 -439 63 -240 444 -393 298 -369 -451 220 -179 636 307 -87 70 537 -130 -407 -98 -388 260 176 238 120 -86 517 253 -208 61 -490 443 -214 -172 173 528 204 -396 641 487 638 480 64 -100 347 -147 511 364 -438 398 56 622 15 508 633 -498 155 354 -199 515 336 -230 464 258 -247 474 -5 -178 -104 412 504 -533 51 306 -69 521 -131 425 -302 448 -392 -423 604 373 -535 $ 
-91 -234 194 -313 -450 263 -94 -2 -90 -596 281 389 319 -152 510 -469 -413 -303 74 -431 571 330 193 -210 543 -257 213 256 -134 -52 628 117 232 259 -231 -339 375 -415 -540 -192 -293 105 -58 282 -35 42 -206 547 201 402 -202 -125 $ 
-611 -534 411 -316 -119 329 401 -637 7 -112 -581 -154 572 -227 -437 441 406 -333 181 -618 632 512 -186 332 279 363 137 -139 -248 246 519 -525 459 297 -446 -57 -483 -217 -38 25 -589 22 -324 -80 -149 222 82 -209 -472 -460 416 141 159 244 419 203 399 114 $ 

>Schizosaccharomyces_pombe
347 -451 -391 -1 364 -62 465 -408 340 -179 -97 -256 -166 453 -219 640 -620 -509 -293 223 -248 -525 249 -360 154 631 195 232 467 -314 423 306 -443 637 -299 547 568 89 -511 61 -123 5 -345 481 613 40 437 -517 -378 4 -502 226 106 -506 -409 -180 -18 -320 542 -386 -536 -339 85 -247 -322 441 79 -571 -483 -595 -313 473 -196 -3 -311 -137 470 -431 567 -639 -93 -619 -396 15 565 382 -134 336 153 274 220 -203 -26 -369 -448 376 442 -508 355 -173 141 -161 -237 75 330 27 569 531 -395 183 -57 -217 -399 -361 -538 491 126 -555 128 -321 485 -560 -191 512 446 -578 490 -626 -8 -170 -353 -627 -461 -521 -291 11 304 -295 -384 -372 -54 19 -188 -266 604 -503 -264 265 41 516 -230 -288 171 -315 205 -416 419 -207 45 262 331 218 -202 -475 -478 530 -462 238 -370 -635 77 636 215 68 -529 455 16 -185 486 541 -563 281 -56 624 -421 -427 -44 -90 -564 -414 554 88 -222 144 534 284 198 551 -332 -374 -270 496 294 70 -28 -258 -468 -489 454 435 -387 590 480 -283 -194 -253 -456 108 -412 -497 -545 286 572 328 -362 193 424 367 -310 10 527 614 -505 233 -309 -559 499 32 464 323 341 -354 586 300 43 476 -37 390 404 182 592 -255 98 17 594 -35 -107 417 466 -608 121 -301 -357 -415 -603 172 428 280 12 -31 433 -65 -192 -383 -602 -103 398 591 29 -197 -302 241 9 388 162 229 -6 -24 450 -405 -539 244 611 -469 $ 
143 208 318 -221 514 -285 519 292 -239 434 83 -269 518 -628 -544 260 -356 -577 263 168 -363 25 82 181 38 33 342 -452 -463 76 -69 458 -99 -401 119 240 271 -127 131 -327 -543 282 493 -501 34 -250 135 599 558 -368 -297 -21 -101 -600 -612 -540 -210 588 -211 -155 14 -243 -385 552 -184 -273 601 -630 593 -199 236 -522 579 -39 84 -48 393 225 371 55 -548 549 142 51 116 504 156 -298 439 576 -488 -377 -326 272 615 -394 -206 566 532 -459 350 449 125 400 -105 163 50 407 228 -174 138 124 187 289 634 130 64 63 -379 623 -528 -231 -589 -535 290 204 213 375 -445 60 343 -307 -581 406 -42 -430 -440 605 574 87 148 -338 -337 -287 425 -515 477 200 -523 -110 -410 -72 104 -100 118 53 276 418 102 333 49 -140 -278 487 329 570 212 -438 -190 80 411 -114 -145 86 472 316 471 -308 -159 296 324 36 366 152 -157 -587 30 -151 246 618 176 146 -380 -165 22 507 373 -303 -351 -638 -484 214 -494 -13 348 -252 -47 325 113 -275 352 -582 178 596 -557 -426 -317 -556 -632 -216 349 513 -46 -251 -186 -109 -201 -177 520 2 132 -242 402 -553 580 -23 167 -66 111 -254 -81 -524 550 209 -67 546 -403 -479 245 189 -305 444 334 -358 -224 537 -629 $ 
129 495 257 52 -359 585 584 -96 -160 492 -346 365 -621 597 381 562 561 92 -622 -277 -392 436 641 335 607 633 533 -261 -606 122 422 642 -115 91 617 -447 -74 573 59 -158 235 457 389 319 -58 -526 267 -610 -175 -344 234 73 -259 -136 -625 117 500 149 -510 312 7 -429 432 -164 482 -112 120 -147 -71 -420 -575 94 95 -598 609 -227 279 -139 397 583 -20 268 -498 -78 616 460 -133 474 169 -413 150 $ 
